0.4583333333333333 0.049315068493150684 0.17238292694091797 0.3373059590657552 4
0.4583333333333333 0.049315068493150684 0.17238292694091797 0.3373059590657552 3
0.4583333333333333 0.049315068493150684 0.17238292694091797 0.3373059590657552 4
0.4583333333333333 0.049315068493150684 0.17238292694091797 0.3373059590657552 3
0.4583333333333333 0.049315068493150684 0.17238292694091797 0.3373059590657552 3
0.4583333333333333 0.049315068493150684 0.17238292694091797 0.3373059590657552 4
0.4583333333333333 0.049315068493150684 0.17238292694091797 0.3373059590657552 4
0.4583333333333333 0.049315068493150684 0.17238292694091797 0.3373059590657552 4
0.4583333333333333 0.049315068493150684 0.17238292694091797 0.3373059590657552 3
0.4583333333333333 0.049315068493150684 0.17238292694091797 0.3373059590657552 4
0.4583333333333333 0.049315068493150684 0.17238292694091797 0.3373059590657552 4
0.4583333333333333 0.049315068493150684 0.17238292694091797 0.3373059590657552 3
0.4583333333333333 0.049315068493150684 0.17238292694091797 0.3373059590657552 4
0.4583333333333333 0.049315068493150684 0.17238292694091797 0.3373059590657552 3
0.4583333333333333 0.049315068493150684 0.17238292694091797 0.3373059590657552 4
0.4583333333333333 0.049315068493150684 0.17238292694091797 0.3373059590657552 4
0.4583333333333333 0.049315068493150684 0.17238292694091797 0.3373059590657552 4
0.4583333333333333 0.049315068493150684 0.17238292694091797 0.3373059590657552 4
0.4583333333333333 0.049315068493150684 0.17238292694091797 0.3373059590657552 4
0.4583333333333333 0.049315068493150684 0.17238292694091797 0.3373059590657552 4
0.4583333333333333 0.049315068493150684 0.17238292694091797 0.3373059590657552 3
0.4583333333333333 0.049315068493150684 0.17238292694091797 0.3373059590657552 4
0.4583333333333333 0.049315068493150684 0.17238292694091797 0.3373059590657552 4
0.4583333333333333 0.049315068493150684 0.17238292694091797 0.3373059590657552 4
0.4583333333333333 0.049315068493150684 0.17238292694091797 0.3373059590657552 4
0.4583333333333333 0.049315068493150684 0.17238292694091797 0.3373059590657552 4
0.4583333333333333 0.049315068493150684 0.17238292694091797 0.3373059590657552 4
0.4583333333333333 0.049315068493150684 0.17238292694091797 0.3373059590657552 4
0.4583333333333333 0.049315068493150684 0.17238292694091797 0.3373059590657552 4
0.4583333333333333 0.049315068493150684 0.17238413492838542 0.33730506896972656 4
0.4583333333333333 0.049315068493150684 0.17238413492838542 0.33730506896972656 4
0.4583333333333333 0.049315068493150684 0.17238413492838542 0.33730506896972656 4
0.4583333333333333 0.049315068493150684 0.17238413492838542 0.33730506896972656 4
0.4583333333333333 0.049315068493150684 0.17238413492838542 0.33730506896972656 4
0.4583333333333333 0.049315068493150684 0.17238413492838542 0.33730506896972656 4
0.4583333333333333 0.049315068493150684 0.17238413492838542 0.33730506896972656 4
0.4583333333333333 0.049315068493150684 0.17238413492838542 0.33730506896972656 4
0.4583333333333333 0.049315068493150684 0.17238413492838542 0.33730506896972656 4
0.4583333333333333 0.049315068493150684 0.17238413492838542 0.33730506896972656 4
0.4583333333333333 0.049315068493150684 0.17238413492838542 0.33730506896972656 4
0.4583333333333333 0.049315068493150684 0.17238413492838542 0.33730506896972656 3
0.4583333333333333 0.049315068493150684 0.17238413492838542 0.33730506896972656 4
0.4583333333333333 0.049315068493150684 0.17238413492838542 0.33730506896972656 4
0.4583333333333333 0.049315068493150684 0.17238413492838542 0.33730506896972656 4
0.4583333333333333 0.049315068493150684 0.17238413492838542 0.33730506896972656 3
0.4583333333333333 0.049315068493150684 0.17238413492838542 0.33730506896972656 4
0.4583333333333333 0.049315068493150684 0.17238413492838542 0.33730506896972656 4
0.4583333333333333 0.049315068493150684 0.17238413492838542 0.33730506896972656 4
0.4583333333333333 0.049315068493150684 0.17238413492838542 0.33730506896972656 4
0.4583333333333333 0.049315068493150684 0.17238413492838542 0.33730506896972656 4
0.4583333333333333 0.049315068493150684 0.17238413492838542 0.33730506896972656 1
0.4583333333333333 0.049315068493150684 0.17238413492838542 0.33730506896972656 4
0.4583333333333333 0.049315068493150684 0.17238413492838542 0.33730506896972656 3
0.4583333333333333 0.049315068493150684 0.17238413492838542 0.33730506896972656 3
0.4583333333333333 0.049315068493150684 0.17238413492838542 0.33730506896972656 4
0.4583333333333333 0.049315068493150684 0.17238413492838542 0.33730506896972656 3
0.4583333333333333 0.049315068493150684 0.17238413492838542 0.33730506896972656 4
0.4583333333333333 0.049315068493150684 0.17238413492838542 0.33730506896972656 4
0.4583333333333333 0.049315068493150684 0.17238413492838542 0.33730506896972656 3
0.4583333333333333 0.049315068493150684 0.17238413492838542 0.33730506896972656 1
0.4583333333333333 0.049315068493150684 0.17238413492838542 0.33730506896972656 4
0.4583333333333333 0.049315068493150684 0.17238413492838542 0.33730506896972656 4
0.4583333333333333 0.049315068493150684 0.17238413492838542 0.33730506896972656 4
0.4583333333333333 0.049315068493150684 0.17238413492838542 0.33730506896972656 4
0.4583333333333333 0.049315068493150684 0.17238413492838542 0.33730506896972656 4
0.4583333333333333 0.049315068493150684 0.17238413492838542 0.33730506896972656 4
0.4583333333333333 0.049315068493150684 0.17238413492838542 0.33730506896972656 4
0.4583333333333333 0.049315068493150684 0.17238413492838542 0.33730506896972656 4
0.4583333333333333 0.049315068493150684 0.17238413492838542 0.33730506896972656 3
0.4583333333333333 0.049315068493150684 0.17238413492838542 0.33730506896972656 4
0.4583333333333333 0.049315068493150684 0.17238413492838542 0.33730506896972656 4
0.4583333333333333 0.049315068493150684 0.17238413492838542 0.33730506896972656 4
0.4583333333333333 0.049315068493150684 0.17238413492838542 0.33730506896972656 4
0.4583333333333333 0.049315068493150684 0.17238413492838542 0.33730506896972656 4
0.4583333333333333 0.049315068493150684 0.17238413492838542 0.33730506896972656 3
0.4583333333333333 0.049315068493150684 0.17238413492838542 0.33730506896972656 4
0.4583333333333333 0.049315068493150684 0.17238413492838542 0.33730506896972656 4
0.4583333333333333 0.049315068493150684 0.17238413492838542 0.33730506896972656 4
0.4583333333333333 0.049315068493150684 0.17238413492838542 0.33730506896972656 3
0.4583333333333333 0.049315068493150684 0.17238413492838542 0.33730506896972656 2
0.4583333333333333 0.049315068493150684 0.17238413492838542 0.33730506896972656 4
0.4583333333333333 0.049315068493150684 0.17238413492838542 0.33730506896972656 3
0.4583333333333333 0.049315068493150684 0.17238413492838542 0.33730506896972656 3
0.4583333333333333 0.049315068493150684 0.17238413492838542 0.33730506896972656 3
0.4583333333333333 0.049315068493150684 0.17238413492838542 0.33730506896972656 3
0.4583333333333333 0.049315068493150684 0.17238413492838542 0.33730506896972656 4
0.4583333333333333 0.049315068493150684 0.17238413492838542 0.33730506896972656 4
0.4583333333333333 0.049315068493150684 0.17238413492838542 0.33730506896972656 4
0.4583333333333333 0.049315068493150684 0.17238413492838542 0.33730506896972656 4
0.4583333333333333 0.049315068493150684 0.17238413492838542 0.33730506896972656 3
0.4583333333333333 0.049315068493150684 0.17238413492838542 0.33730506896972656 4
0.4583333333333333 0.049315068493150684 0.17238413492838542 0.33730506896972656 4
0.4583333333333333 0.049315068493150684 0.17238413492838542 0.33730506896972656 4
0.4583333333333333 0.049315068493150684 0.17238413492838542 0.33730506896972656 4
0.4583333333333333 0.049315068493150684 0.17238413492838542 0.33730506896972656 4
0.4583333333333333 0.049315068493150684 0.17238413492838542 0.33730506896972656 3
0.4583333333333333 0.049315068493150684 0.17238413492838542 0.33730506896972656 4
0.4583333333333333 0.049315068493150684 0.17238413492838542 0.33730506896972656 3
0.4583333333333333 0.049315068493150684 0.17238413492838542 0.33730506896972656 4
0.4583333333333333 0.049315068493150684 0.17238413492838542 0.33730506896972656 4
